5200 REM data 
5210 DATA 120,169,255,141,3,3,141,1
5220 DATA 3,234,234,32,167,64,169,0
5230 DATA 133,4,165,5,208,9,32,42
5240 DATA 64,32,132,64,76,37,64,32
5250 DATA 87,64,32,202,64,32,167,64
5260 DATA 88,96,173,1,3,234,234,9
5270 DATA 1,141,1,3,234,234,169,3
5280 DATA 141,1,3,234,234,169,1,44
5290 DATA 1,3,240,251,169,2,44,1
5300 DATA 3,240,251,32,189,64,165,7
5310 DATA 42,32,242,64,176,81,96,173
5320 DATA 1,3,9,1,141,1,3,234
5330 DATA 234,169,3,141,1,3,234,234
5340 DATA 169,1,44,1,3,240,251,169
5350 DATA 2,44,1,3,240,251,32,189
5360 DATA 64,165,8,42,9,1,32,242
5370 DATA 64,176,36,96,32,189,64,230
5380 DATA 4,160,0,177,0,32,242,64
5390 DATA 176,21,165,9,208,3,32,152
5400 DATA 65,200,208,2,230,1,198,3
5410 DATA 208,233,198,4,208,229,96,169
5420 DATA 0,141,1,3,234,234,169,2
5430 DATA 141,1,3,234,234,169,3,141
5440 DATA 1,3,234,234,96,141,1,3
5450 DATA 234,234,169,0,141,1,3,234
5460 DATA 234,96,160,0,198,3,32,62
5470 DATA 65,165,3,201,1,165,4,233
5480 DATA 0,32,108,65,165,2,145,0
5490 DATA 200,208,2,230,1,165,3,208
5500 DATA 227,198,4,165,4,201,255,208
5510 DATA 219,96,133,2,162,8,169,0
5520 DATA 38,2,42,141,1,3,234,234
5530 DATA 9,2,141,1,3,234,234,169
5540 DATA 2,44,1,3,240,251,173,1
5550 DATA 3,41,1,141,1,3,234,234
5560 DATA 202,208,219,169,1,141,1,3
5570 DATA 234,234,169,3,141,1,3,234
5580 DATA 234,169,2,44,1,3,240,251
5590 DATA 234,173,1,3,74,234,169,1
5600 DATA 141,1,3,234,234,96,169,0
5610 DATA 133,2,162,8,169,1,141,1
5620 DATA 3,234,234,169,3,141,1,3
5630 DATA 234,234,169,2,44,1,3,240
5640 DATA 251,234,234,173,1,3,106,38
5650 DATA 2,169,1,141,1,3,234,234
5660 DATA 202,208,224,96,169,0,141,1
5670 DATA 3,234,234,169,2,141,1,3
5680 DATA 234,234,169,0,141,1,3,234
5690 DATA 234,96,169,1,141,1,3,234
5700 DATA 234,169,3,141,1,3,234,234
5710 DATA 169,1,141,1,3,234,234,96
5720 DATA 72,169,255,56,233,1,208,252
5730 DATA 104,96,72,169,100,56,233,1
5740 DATA 208,252,104,96

